0.1,0.0
1,6.15965392995e-15
2,1.58726397936e-13
3,1.06190474591e-12
4,4.09017611837e-12
5,1.16415937769e-11
6,2.73639261535e-11
7,5.63630861655e-11
8,1.05398603489e-10
9,1.83069000665e-10
10,2.99988971371e-10
11,4.68959704872e-10
12,7.05133353452e-10
13,1.02617240857e-09
14,1.45240459048e-09
15,2.00697373948e-09
16,2.71598711057e-09
17,3.60865940662e-09
18,4.71745383421e-09
19,6.07822042482e-09
20,7.73033183158e-09
21,9.71681678455e-09
22,1.20844913656e-08
23,1.4884088245e-08
24,1.81703840071e-08
25,2.20023246774e-08
26,2.64431495546e-08
27,3.1560513439e-08
28,3.74266073409e-08
29,4.41182777464e-08
30,5.1717144509e-08
31,6.03097174327e-08
32,6.99875116044e-08
33,8.08471615305e-08
34,9.29905341282e-08
35,1.06524840618e-07
36,1.21562747364e-07
37,1.3822248569e-07
38,1.56627960737e-07
39,1.76908859359e-07
40,1.99200757125e-07
41,2.23645224444e-07
42,2.5038993183e-07
43,2.79588754366e-07
44,3.11401875359e-07
45,3.45995889237e-07
46,3.83543903694e-07
47,4.24225641115e-07
48,4.682275393e-07
49,5.15742851503e-07
50,5.66971745811e-07
51,6.22121403875e-07
52,6.81406119015e-07
53,7.45047393715e-07
54,8.13274036521e-07
55,8.86322258354e-07
56,9.64435768267e-07
57,1.04786586864e-06
58,1.13687154984e-06
59,1.23171958435e-06
60,1.3326846204e-06
61,1.44004927506e-06
62,1.55410422688e-06
63,1.67514830801e-06
64,1.80348859592e-06
65,1.93944050454e-06
66,2.08332787508e-06
67,2.2354830663e-06
68,2.39624704442e-06
69,2.5659694726e-06
70,2.74500879991e-06
71,2.93373235003e-06
72,3.13251640947e-06
73,3.34174631539e-06
74,3.56181654309e-06
75,3.79313079302e-06
76,4.03610207758e-06
77,4.29115280736e-06
78,4.55871487721e-06
79,4.8392297518e-06
80,5.13314855091e-06
81,5.44093213442e-06
82,5.76305118684e-06
83,6.09998630165e-06
84,6.45222806521e-06
85,6.8202771404e-06
86,7.20464434992e-06
87,7.60585075936e-06
88,8.0244277598e-06
89,8.46091715032e-06
90,8.91587122001e-06
91,9.38985282986e-06
92,9.88343549426e-06
93,1.03972034622e-05
94,1.09317517984e-05
95,1.14876864637e-05
96,1.20656243959e-05
97,1.26661935895e-05
98,1.32900331758e-05
99,1.39377935026e-05
100,1.46101362134e-05
101,1.53077343267e-05
102,1.60312723148e-05
103,1.67814461822e-05
104,1.75589635445e-05
105,1.8364543706e-05
106,1.91989177381e-05
107,2.00628285564e-05
108,2.09570309988e-05
109,2.18822919022e-05
110,2.28393901799e-05
111,2.38291168978e-05
112,2.48522753516e-05
113,2.59096811428e-05
114,2.70021622547e-05
115,2.81305591287e-05
116,2.92957247395e-05
117,3.0498524671e-05
118,3.17398371914e-05
119,3.30205533283e-05
120,3.43415769436e-05
121,3.57038248082e-05
122,3.71082266764e-05
123,3.85557253604e-05
124,4.0047276804e-05
125,4.1583850157e-05
126,4.31664278486e-05
127,4.47960056611e-05
128,4.64735928032e-05
129,4.8200211983e-05
130,4.99768994813e-05
131,5.18047052244e-05
132,5.36846928563e-05
133,5.56179398118e-05
134,5.76055373882e-05
135,5.9648590818e-05
136,6.17482193402e-05
137,6.39055562728e-05
138,6.61217490838e-05
139,6.8397959463e-05
140,7.07353633932e-05
141,7.31351512214e-05
142,7.55985277297e-05
143,7.81267122058e-05
144,8.07209385146e-05
145,8.33824551675e-05
146,8.61125253936e-05
147,8.89124272096e-05
148,9.17834534898e-05
149,9.47269120362e-05
150,9.77441256479e-05
151,0.000100836432191
152,0.000104005184668
153,0.000107251751287
154,0.000110577515531
155,0.000113983876227
156,0.000117472247614
157,0.000121044059414
158,0.000124700756897
159,0.000128443800953
160,0.000132274668159
161,0.000136194850846
162,0.000140205857169
163,0.000144309211173
164,0.000148506452864
165,0.000152799138273
166,0.000157188839524
167,0.000161677144905
168,0.000166265658931
169,0.000170956002414
170,0.000175749812527
171,0.000180648742875
172,0.000185654463559
173,0.000190768661242
174,0.00019599303922
175,0.00020132931748
176,0.000206779232778
177,0.000212344538693
178,0.000218027005702
179,0.000223828421241
180,0.000229750589775
181,0.000235795332858
182,0.000241964489204
183,0.00024825991475
184,0.000254683482721
185,0.000261237083697
186,0.000267922625676
187,0.00027474203414
188,0.000281697252122
189,0.000288790240267
190,0.000296022976898
191,0.000303397458084
192,0.000310915697698
193,0.000318579727489
194,0.000326391597138
195,0.000334353374331
196,0.000342467144815
197,0.000350735012468
198,0.000359159099358
199,0.000367741545812
200,0.000376484510475
201,0.000385390170375
202,0.000394460720988
203,0.000403698376301
204,0.000413105368873
205,0.000422683949899
206,0.000432436389277
207,0.000442364975664
208,0.000452472016546
209,0.000462759838294
210,0.000473230786234
211,0.000483887224701
212,0.00049473153711
213,0.000505766126014
214,0.000516993413166
215,0.000528415839581
216,0.000540035865602
217,0.000551855970959
218,0.000563878654828
219,0.0005761064359
220,0.000588541852437
221,0.000601187462336
222,0.000614045843191
223,0.000627119592352
224,0.000640411326989
225,0.000653923684154
226,0.000667659320837
227,0.000681620914036
228,0.000695811160808
229,0.000710232778338
230,0.000724888503997
231,0.0007397810954
232,0.000754913330473
233,0.000770288007508
234,0.000785907945225
235,0.000801775982836
236,0.0008178949801
237,0.000834267817388
238,0.00085089739574
239,0.000867786636926
240,0.000884938483507
241,0.000902355898896
242,0.000920041867415
243,0.000937999394357
244,0.000956231506043
245,0.000974741249887
246,0.000993531694452
247,0.00101260592951
248,0.00103196706609
249,0.00105161823658
250,0.00107156259472
251,0.00109180331571
252,0.00111234359626
253,0.00113318665465
254,0.00115433573077
255,0.00117579408619
256,0.00119756500425
257,0.00121965179005
258,0.00124205777059
259,0.00126478629475
260,0.00128784073341
261,0.00131122447948
262,0.00133494094797
263,0.00135899357603
264,0.00138338582302
265,0.00140812117058
266,0.00143320312267
267,0.00145863520563
268,0.00148442096825
269,0.00151056398183
270,0.0015370678402
271,0.00156393615984
272,0.00159117257987
273,0.00161878076218
274,0.00164676439141
275,0.00167512717509
276,0.00170387284361
277,0.00173300515036
278,0.00176252787173
279,0.00179244480718
280,0.00182275977933
281,0.00185347663397
282,0.00188459924014
283,0.00191613149019
284,0.00194807729984
285,0.00198044060821
286,0.00201322537793
287,0.00204643559511
288,0.00208007526951
289,0.00211414843449
290,0.00214865914714
291,0.00218361148829
292,0.0022190095626
293,0.00225485749861
294,0.00229115944876
295,0.00232791958951
296,0.00236514212133
297,0.00240283126882
298,0.00244099128069
299,0.00247962642991
